1.000000000000000000e+00 5.849873393187386251e-08 0.000000000000000000e+00 0.000000000000000000e+00 0.000000000000000000e+00 0.000000000000000000e+00 0.000000000000000000e+00 0.000000000000000000e+00 0.000000000000000000e+00
1.202266839028468093e+00 5.928976542769574550e-08 0.000000000000000000e+00 0.000000000000000000e+00 0.000000000000000000e+00 0.000000000000000000e+00 0.000000000000000000e+00 0.000000000000000000e+00 0.000000000000000000e+00
1.445445552227504260e+00 5.977144993439784501e-08 0.000000000000000000e+00 0.000000000000000000e+00 0.000000000000000000e+00 0.000000000000000000e+00 0.000000000000000000e+00 0.000000000000000000e+00 0.000000000000000000e+00
1.737811255064319882e+00 5.932650927840770399e-08 0.000000000000000000e+00 0.000000000000000000e+00 0.000000000000000000e+00 0.000000000000000000e+00 0.000000000000000000e+00 0.000000000000000000e+00 0.000000000000000000e+00
2.089312844454274565e+00 5.895515712874286824e-08 0.000000000000000000e+00 0.000000000000000000e+00 0.000000000000000000e+00 0.000000000000000000e+00 0.000000000000000000e+00 0.000000000000000000e+00 0.000000000000000000e+00
2.511911549243617703e+00 5.981172128583946068e-08 0.000000000000000000e+00 0.000000000000000000e+00 0.000000000000000000e+00 0.000000000000000000e+00 0.000000000000000000e+00 0.000000000000000000e+00 0.000000000000000000e+00
3.019987958228226521e+00 5.927693736128906426e-08 0.000000000000000000e+00 0.000000000000000000e+00 0.000000000000000000e+00 0.000000000000000000e+00 0.000000000000000000e+00 0.000000000000000000e+00 0.000000000000000000e+00
3.630831376443087510e+00 5.903594673779543853e-08 0.000000000000000000e+00 0.000000000000000000e+00 0.000000000000000000e+00 0.000000000000000000e+00 0.000000000000000000e+00 0.000000000000000000e+00 0.000000000000000000e+00
4.365228162001612233e+00 5.963791756230238304e-08 0.000000000000000000e+00 0.000000000000000000e+00 0.000000000000000000e+00 0.000000000000000000e+00 0.000000000000000000e+00 0.000000000000000000e+00 0.000000000000000000e+00
5.248169063967726977e+00 5.936415009127675635e-08 0.000000000000000000e+00 0.000000000000000000e+00 0.000000000000000000e+00 0.000000000000000000e+00 0.000000000000000000e+00 0.000000000000000000e+00 0.000000000000000000e+00
6.309699631223472771e+00 5.904511818331274778e-08 0.000000000000000000e+00 0.000000000000000000e+00 0.000000000000000000e+00 0.000000000000000000e+00 0.000000000000000000e+00 0.000000000000000000e+00 0.000000000000000000e+00
7.585942630850135870e+00 5.937555207867068428e-08 0.000000000000000000e+00 0.000000000000000000e+00 0.000000000000000000e+00 0.000000000000000000e+00 0.000000000000000000e+00 0.000000000000000000e+00 0.000000000000000000e+00
9.120327267843492791e+00 5.946000988229298724e-08 0.000000000000000000e+00 0.000000000000000000e+00 0.000000000000000000e+00 0.000000000000000000e+00 0.000000000000000000e+00 0.000000000000000000e+00 0.000000000000000000e+00
1.096506703521533943e+01 5.973233417639291956e-08 1.071791094133326707e-07 1.372612087252249648e-07 0.000000000000000000e+00 0.000000000000000000e+00 0.000000000000000000e+00 0.000000000000000000e+00 0.000000000000000000e+00
1.318293648416360320e+01 5.947502734796513848e-08 1.074827049499814990e-07 1.375143304091857902e-07 0.000000000000000000e+00 0.000000000000000000e+00 0.000000000000000000e+00 0.000000000000000000e+00 0.000000000000000000e+00
1.584940737592843618e+01 5.931390315794713013e-08 1.073952285570286090e-07 1.375066038207685244e-07 0.000000000000000000e+00 0.000000000000000000e+00 0.000000000000000000e+00 0.000000000000000000e+00 0.000000000000000000e+00
1.905521690633197096e+01 5.948674867797676571e-08 1.075269659236818183e-07 1.376449370011386199e-07 0.000000000000000000e+00 0.000000000000000000e+00 0.000000000000000000e+00 0.000000000000000000e+00 0.000000000000000000e+00
2.290945539697756672e+01 5.941256544820901367e-08 1.077865409605941746e-07 1.379557133855910358e-07 0.000000000000000000e+00 0.000000000000000000e+00 0.000000000000000000e+00 0.000000000000000000e+00 0.000000000000000000e+00
2.754327852398788679e+01 6.002066679705078836e-08 1.081091383376598275e-07 1.383239034769255345e-07 0.000000000000000000e+00 0.000000000000000000e+00 0.000000000000000000e+00 0.000000000000000000e+00 0.000000000000000000e+00
3.311437040751560801e+01 6.045812129798649523e-08 1.086019054511254941e-07 1.388717064826401078e-07 0.000000000000000000e+00 0.000000000000000000e+00 0.000000000000000000e+00 0.000000000000000000e+00 0.000000000000000000e+00
3.981230943626162144e+01 6.054797848331754916e-08 1.089893523659360644e-07 1.393615378626682908e-07 0.000000000000000000e+00 0.000000000000000000e+00 0.000000000000000000e+00 0.000000000000000000e+00 0.000000000000000000e+00
4.786501942035751966e+01 6.072850484105821648e-08 1.101882026583115833e-07 1.405783669553408077e-07 0.000000000000000000e+00 0.000000000000000000e+00 0.000000000000000000e+00 0.000000000000000000e+00 0.000000000000000000e+00
5.754652559854947924e+01 6.175856711711439663e-08 1.115338895859894159e-07 1.419927748959246886e-07 0.000000000000000000e+00 0.000000000000000000e+00 0.000000000000000000e+00 0.000000000000000000e+00 0.000000000000000000e+00
6.918627942843887979e+01 6.255619561648578631e-08 1.135636127153673855e-07 1.441514019387252997e-07 0.000000000000000000e+00 0.000000000000000000e+00 0.000000000000000000e+00 0.000000000000000000e+00 0.000000000000000000e+00
8.318036947256955216e+01 6.429225577873448651e-08 1.165087050275721167e-07 1.471987367648004628e-07 0.000000000000000000e+00 0.000000000000000000e+00 0.000000000000000000e+00 0.000000000000000000e+00 0.000000000000000000e+00
1.000049998750062343e+02 6.625893148493463322e-08 1.208121408865753454e-07 1.515031848935744522e-07 0.000000000000000000e+00 0.000000000000000000e+00 0.000000000000000000e+00 0.000000000000000000e+00 0.000000000000000000e+00
1.202326950867661139e+02 6.922330725106290727e-08 1.292852574782514136e-07 1.579184071126167550e-07 0.000000000000000000e+00 0.000000000000000000e+00 0.000000000000000000e+00 0.000000000000000000e+00 0.000000000000000000e+00
1.445517822698399470e+02 7.444093551993349332e-08 1.369103655406280962e-07 1.666735576920702632e-07 0.000000000000000000e+00 0.000000000000000000e+00 0.000000000000000000e+00 0.000000000000000000e+00 0.000000000000000000e+00
1.737898143454918340e+02 8.158681356534724163e-08 1.524468943642618085e-07 1.796059468086552241e-07 0.000000000000000000e+00 0.000000000000000000e+00 0.000000000000000000e+00 0.000000000000000000e+00 0.000000000000000000e+00
2.089417307484988271e+02 9.082692140204703516e-08 1.734601371320433972e-07 1.944308919376497801e-07 0.000000000000000000e+00 0.000000000000000000e+00 0.000000000000000000e+00 0.000000000000000000e+00 0.000000000000000000e+00
2.512037141681347236e+02 1.007567335056891957e-07 2.031666806602635978e-07 2.095901434564256379e-07 0.000000000000000000e+00 0.000000000000000000e+00 0.000000000000000000e+00 0.000000000000000000e+00 0.000000000000000000e+00
3.020138953851341626e+02 1.119520273777062990e-07 2.295186649400603300e-07 2.183421102119258030e-07 0.000000000000000000e+00 0.000000000000000000e+00 0.000000000000000000e+00 0.000000000000000000e+00 0.000000000000000000e+00
3.631012913473597905e+02 1.154005747250286033e-07 2.456141713758647060e-07 2.161117904473619887e-07 0.000000000000000000e+00 0.000000000000000000e+00 0.000000000000000000e+00 0.000000000000000000e+00 0.000000000000000000e+00
4.365446417953451146e+02 1.141028509721233531e-07 2.457653438093706373e-07 2.092667140005276604e-07 0.000000000000000000e+00 0.000000000000000000e+00 0.000000000000000000e+00 0.000000000000000000e+00 0.000000000000000000e+00
5.248431465861045808e+02 1.175046982646514164e-07 2.477121569702738307e-07 2.125613733061678109e-07 0.000000000000000000e+00 0.000000000000000000e+00 0.000000000000000000e+00 0.000000000000000000e+00 0.000000000000000000e+00
6.310015108318302737e+02 1.238490284470345371e-07 2.595245320298900582e-07 2.216249007779509870e-07 0.000000000000000000e+00 0.000000000000000000e+00 0.000000000000000000e+00 0.000000000000000000e+00 0.000000000000000000e+00
7.586321918499722869e+02 1.267554795626662153e-07 2.587096486579432300e-07 2.130720647723347372e-07 0.000000000000000000e+00 0.000000000000000000e+00 0.000000000000000000e+00 0.000000000000000000e+00 0.000000000000000000e+00
9.120783272807046842e+02 1.325025054352392605e-07 2.680607847373646448e-07 2.158825688127408675e-07 0.000000000000000000e+00 0.000000000000000000e+00 0.000000000000000000e+00 0.000000000000000000e+00 0.000000000000000000e+00
1.096561527486145678e+03 1.367537449329734719e-07 2.721891583169867483e-07 2.099969931701424481e-07 0.000000000000000000e+00 0.000000000000000000e+00 0.000000000000000000e+00 0.000000000000000000e+00 0.000000000000000000e+00
1.318359561450997035e+03 1.489065785589369802e-07 2.792803167803554979e-07 2.084388583910719012e-07 0.000000000000000000e+00 0.000000000000000000e+00 0.000000000000000000e+00 0.000000000000000000e+00 0.000000000000000000e+00
1.585019982648646192e+03 1.633947243252575743e-07 2.906161492204533453e-07 2.113571281127780618e-07 0.000000000000000000e+00 0.000000000000000000e+00 0.000000000000000000e+00 0.000000000000000000e+00 0.000000000000000000e+00
1.905616964335945568e+03 1.925482700015257030e-07 3.194682438625916922e-07 2.339521214041819854e-07 0.000000000000000000e+00 0.000000000000000000e+00 0.000000000000000000e+00 0.000000000000000000e+00 0.000000000000000000e+00
2.291060084111202286e+03 2.859439993451872399e-07 4.339482972305282829e-07 3.524403120070330386e-07 0.000000000000000000e+00 0.000000000000000000e+00 0.000000000000000000e+00 0.000000000000000000e+00 0.000000000000000000e+00
2.754465565348672044e+03 4.615667287329018344e-07 5.802863550137654795e-07 7.467334797344264658e-07 0.000000000000000000e+00 0.000000000000000000e+00 0.000000000000000000e+00 0.000000000000000000e+00 0.000000000000000000e+00
3.311602608464510467e+03 4.963666375064098910e-07 6.066611345864991568e-07 1.108565153639974446e-06 0.000000000000000000e+00 0.000000000000000000e+00 0.000000000000000000e+00 0.000000000000000000e+00 0.000000000000000000e+00
3.981430000197057325e+03 1.254046828497549712e-06 1.993878333736290747e-06 6.708214046617365806e-06 0.000000000000000000e+00 0.000000000000000000e+00 0.000000000000000000e+00 0.000000000000000000e+00 0.000000000000000000e+00
4.786741261150024911e+03 6.531407362749036395e-06 1.445017874947023631e-05 2.104753917646492111e-04 0.000000000000000000e+00 0.000000000000000000e+00 0.000000000000000000e+00 0.000000000000000000e+00 0.000000000000000000e+00
5.754940285289983876e+03 1.772796023596529284e-04 9.783722934321964319e-04 6.217206713146300245e+00 0.000000000000000000e+00 0.000000000000000000e+00 0.000000000000000000e+00 0.000000000000000000e+00 0.000000000000000000e+00
6.918973865593180562e+03 0.000000000000000000e+00 0.000000000000000000e+00 0.000000000000000000e+00 0.000000000000000000e+00 0.000000000000000000e+00 0.000000000000000000e+00 0.000000000000000000e+00 0.000000000000000000e+00
8.318452838707295086e+03 0.000000000000000000e+00 0.000000000000000000e+00 0.000000000000000000e+00 0.000000000000000000e+00 0.000000000000000000e+00 0.000000000000000000e+00 0.000000000000000000e+00 0.000000000000000000e+00
1.000099999999999818e+04 0.000000000000000000e+00 0.000000000000000000e+00 0.000000000000000000e+00 0.000000000000000000e+00 0.000000000000000000e+00 0.000000000000000000e+00 0.000000000000000000e+00 0.000000000000000000e+00
