1.000000000000000000e+00 5.917255846424777468e-08 2.541368241444930324e-08 8.238985574553722635e-08 1.278834030191901043e-08 8.266698486174611125e-09 2.969657320555244483e-09 0.000000000000000000e+00 -5.294885710713580741e-11 0.000000000000000000e+00 0.000000000000000000e+00 2.326125108246904060e-09 0.000000000000000000e+00 0.000000000000000000e+00 7.561476367872904219e-09 0.000000000000000000e+00 4.166382039103430751e-09
1.202266839028468093e+00 5.950964601889334236e-08 2.540927175156451206e-08 8.313700992624605712e-08 1.269930424111943887e-08 8.299654541748838420e-09 2.935468823689475871e-09 0.000000000000000000e+00 -5.870801386847697788e-11 0.000000000000000000e+00 0.000000000000000000e+00 2.263823843863317985e-09 0.000000000000000000e+00 0.000000000000000000e+00 7.709012401559717263e-09 0.000000000000000000e+00 4.162645546527999666e-09
1.445445552227504260e+00 5.945896965637763962e-08 2.576411855264638456e-08 8.249106651441484340e-08 1.272206284955537459e-08 8.309065426630885757e-09 2.986466196747302860e-09 0.000000000000000000e+00 -6.695758897477009131e-11 0.000000000000000000e+00 0.000000000000000000e+00 2.295999699514525878e-09 0.000000000000000000e+00 0.000000000000000000e+00 7.654729134240163126e-09 0.000000000000000000e+00 4.175541449266197205e-09
1.737811255064319882e+00 5.914429828753811135e-08 2.527122853680347583e-08 8.304853473745976769e-08 1.272503941026559176e-08 8.307393069699193722e-09 3.000056923973565982e-09 0.000000000000000000e+00 -6.097408496385331541e-11 0.000000000000000000e+00 0.000000000000000000e+00 2.195601990858962671e-09 0.000000000000000000e+00 0.000000000000000000e+00 7.740752327579275388e-09 0.000000000000000000e+00 4.158831507682485705e-09
2.089312844454274565e+00 5.937391278623929942e-08 2.564908177945002433e-08 8.285406860466805217e-08 1.277823164578197004e-08 8.309614389433213491e-09 2.914521215186294843e-09 0.000000000000000000e+00 -6.517349987271892471e-11 0.000000000000000000e+00 0.000000000000000000e+00 2.256499555761172837e-09 0.000000000000000000e+00 0.000000000000000000e+00 7.662161545782995617e-09 0.000000000000000000e+00 4.174504221820871637e-09
2.511911549243617703e+00 5.974592664643673262e-08 2.548341091734028734e-08 8.394661656854178936e-08 1.283132924034401378e-08 8.342452917135767657e-09 2.884026611666366523e-09 0.000000000000000000e+00 -5.609381626430349208e-11 0.000000000000000000e+00 0.000000000000000000e+00 2.297245905784962927e-09 0.000000000000000000e+00 0.000000000000000000e+00 7.901896704423208079e-09 0.000000000000000000e+00 4.190276722472429614e-09
3.019987958228226521e+00 5.917740306554281441e-08 2.548231763065503703e-08 8.255970517119537220e-08 1.261866957462239752e-08 8.337639710228471335e-09 2.817946986134239862e-09 0.000000000000000000e+00 -5.455585246650978047e-11 0.000000000000000000e+00 0.000000000000000000e+00 2.278414427675829563e-09 0.000000000000000000e+00 0.000000000000000000e+00 7.707129780513299786e-09 0.000000000000000000e+00 4.163665931988248358e-09
3.630831376443087510e+00 5.942447996145024422e-08 2.547613245545527201e-08 8.291071355034955752e-08 1.269006223614847912e-08 8.341444410157931209e-09 3.009357768640336582e-09 0.000000000000000000e+00 -6.441722340220383087e-11 0.000000000000000000e+00 0.000000000000000000e+00 2.271713613337495885e-09 0.000000000000000000e+00 0.000000000000000000e+00 7.722102097352435452e-09 0.000000000000000000e+00 4.174552069379922398e-09
4.365228162001612233e+00 5.943591425980065785e-08 2.550567901043662428e-08 8.282858190499213837e-08 1.262678412690812594e-08 8.307579306228094866e-09 2.999450755350862895e-09 0.000000000000000000e+00 -5.522169354453821161e-11 0.000000000000000000e+00 0.000000000000000000e+00 2.229910587812385365e-09 0.000000000000000000e+00 0.000000000000000000e+00 7.679632014114283809e-09 0.000000000000000000e+00 4.157511872181982002e-09
5.248169063967726977e+00 5.918458139318925869e-08 2.560752330195743225e-08 8.256196037985530891e-08 1.264145553828061854e-08 8.325477813013614231e-09 2.938537010825586001e-09 0.000000000000000000e+00 -4.836500039070419540e-11 0.000000000000000000e+00 0.000000000000000000e+00 2.295826443538767773e-09 0.000000000000000000e+00 0.000000000000000000e+00 7.687122098146689089e-09 0.000000000000000000e+00 4.168437621994468814e-09
6.309699631223472771e+00 5.935882020922311803e-08 2.554834573127738398e-08 8.282936266285755386e-08 1.260099843292965417e-08 8.321052311952523933e-09 2.985706877534308783e-09 0.000000000000000000e+00 -5.718336949726886917e-11 0.000000000000000000e+00 0.000000000000000000e+00 2.300445396408763559e-09 0.000000000000000000e+00 0.000000000000000000e+00 7.741640285128973675e-09 0.000000000000000000e+00 4.164292156620048619e-09
7.585942630850135870e+00 5.920928792057062041e-08 2.557626670254167208e-08 8.194063365309923285e-08 1.271975326481927552e-08 8.361720071943192482e-09 2.857447965097359390e-09 0.000000000000000000e+00 -5.107162310920338053e-11 0.000000000000000000e+00 0.000000000000000000e+00 2.255072374454031515e-09 0.000000000000000000e+00 0.000000000000000000e+00 7.641053202923741821e-09 0.000000000000000000e+00 4.179411237572877017e-09
9.120327267843492791e+00 5.909027567463418087e-08 2.558296235158894308e-08 8.322179820765106420e-08 1.262605507468081645e-08 8.317978610800623219e-09 2.978660114669786941e-09 0.000000000000000000e+00 -5.397774167414548359e-11 0.000000000000000000e+00 0.000000000000000000e+00 2.228049728529706118e-09 0.000000000000000000e+00 0.000000000000000000e+00 7.634731301722506599e-09 0.000000000000000000e+00 4.159241671153723390e-09
1.096506703521533943e+01 5.929964137446074875e-08 2.544994848214358400e-08 8.251858163141932224e-08 1.271892425842731553e-08 8.323616011189696297e-09 2.937885239662970603e-09 0.000000000000000000e+00 -5.578391813786926243e-11 0.000000000000000000e+00 0.000000000000000000e+00 2.265764372938397483e-09 0.000000000000000000e+00 0.000000000000000000e+00 7.715172583607785320e-09 0.000000000000000000e+00 4.170545578681758647e-09
1.318293648416360320e+01 5.953180291832738259e-08 2.551859432025345091e-08 8.294036625796660162e-08 1.265354546658027145e-08 8.303385600390965727e-09 2.878074379473182150e-09 0.000000000000000000e+00 -5.693100205691221122e-11 0.000000000000000000e+00 0.000000000000000000e+00 2.250057659599967083e-09 0.000000000000000000e+00 0.000000000000000000e+00 7.720346951086388804e-09 0.000000000000000000e+00 4.159285739458965628e-09
1.584940737592843618e+01 5.971887808276255803e-08 2.591332149118651969e-08 8.262925151517493013e-08 1.273911790375024530e-08 8.336841282035314131e-09 2.992553477127050528e-09 0.000000000000000000e+00 -5.033894305037346530e-11 0.000000000000000000e+00 0.000000000000000000e+00 2.314543238432962279e-09 0.000000000000000000e+00 0.000000000000000000e+00 7.650382859148044630e-09 0.000000000000000000e+00 4.189695238443026481e-09
1.905521690633197096e+01 5.941277524950603688e-08 2.577332738483618494e-08 8.274771762956785242e-08 1.281090278452966798e-08 8.329483271902689482e-09 2.979661724239880324e-09 0.000000000000000000e+00 -5.519116739758072360e-11 0.000000000000000000e+00 0.000000000000000000e+00 2.351896497947768867e-09 0.000000000000000000e+00 0.000000000000000000e+00 7.701858686246356818e-09 0.000000000000000000e+00 4.193743382452611814e-09
2.290945539697756672e+01 5.959475668971447112e-08 2.571501654107930390e-08 8.316111136723124511e-08 1.271765779835441539e-08 8.345761216616029334e-09 3.029275137788111979e-09 0.000000000000000000e+00 -4.786675973631892760e-11 0.000000000000000000e+00 0.000000000000000000e+00 2.247783353655022544e-09 0.000000000000000000e+00 0.000000000000000000e+00 7.753176793588025227e-09 0.000000000000000000e+00 4.182076647544690814e-09
2.754327852398788679e+01 5.980078258667272483e-08 2.585029185834430131e-08 8.303141735785773674e-08 1.292542486578845313e-08 8.324892417819722522e-09 2.947806020536307132e-09 0.000000000000000000e+00 -4.517274166895503940e-11 0.000000000000000000e+00 0.000000000000000000e+00 2.343172457758954395e-09 0.000000000000000000e+00 0.000000000000000000e+00 7.752024185565249949e-09 0.000000000000000000e+00 4.205387841127176672e-09
3.311437040751560801e+01 6.035461739935961060e-08 2.647639875551561273e-08 8.272441911415835396e-08 1.310421208168078090e-08 8.318168234751370731e-09 3.263318878172108516e-09 0.000000000000000000e+00 -3.224000501728800978e-11 0.000000000000000000e+00 0.000000000000000000e+00 2.328991413717849407e-09 0.000000000000000000e+00 0.000000000000000000e+00 7.670233506171545097e-09 0.000000000000000000e+00 4.236477726961639315e-09
3.981230943626162144e+01 6.022992542650244667e-08 2.677741309798228793e-08 8.292088232372351254e-08 1.321758256372527034e-08 8.343617194033493837e-09 3.189524146948906305e-09 0.000000000000000000e+00 -2.970512212686261784e-11 0.000000000000000000e+00 0.000000000000000000e+00 2.392343005857331427e-09 0.000000000000000000e+00 0.000000000000000000e+00 7.748778934310784538e-09 0.000000000000000000e+00 4.261465475503695890e-09
4.786501942035751966e+01 6.087311009485775784e-08 2.691569071757511635e-08 8.282902406778645969e-08 1.328077428159387724e-08 8.342707407695049510e-09 3.175077038225801612e-09 0.000000000000000000e+00 -7.945296366095573987e-12 0.000000000000000000e+00 0.000000000000000000e+00 2.296083886197772864e-09 0.000000000000000000e+00 0.000000000000000000e+00 7.727501852927045405e-09 0.000000000000000000e+00 4.264997035838232347e-09
5.754652559854947924e+01 6.217594249308551477e-08 2.767323042504131118e-08 8.324370190734360037e-08 1.347501929459963334e-08 8.359355886624512559e-09 3.344216701844676914e-09 0.000000000000000000e+00 2.984846880368290258e-12 0.000000000000000000e+00 0.000000000000000000e+00 2.351590990807724713e-09 0.000000000000000000e+00 0.000000000000000000e+00 7.749652903890481994e-09 0.000000000000000000e+00 4.310830749994261355e-09
6.918627942843887979e+01 6.314302363471342115e-08 2.932838715902287600e-08 8.360476786625895573e-08 1.372830503359934710e-08 8.351739648819674313e-09 3.605835306057816457e-09 0.000000000000000000e+00 2.762181730834799034e-11 0.000000000000000000e+00 0.000000000000000000e+00 2.475789389236816036e-09 0.000000000000000000e+00 0.000000000000000000e+00 7.756689428132577900e-09 0.000000000000000000e+00 4.372439370458677579e-09
8.318036947256955216e+01 6.393897827290424885e-08 3.070855606698631484e-08 8.288901964810102402e-08 1.440585129670895672e-08 8.353454541920606569e-09 3.776930387948144561e-09 0.000000000000000000e+00 6.273402934000612081e-11 0.000000000000000000e+00 0.000000000000000000e+00 2.551825588033917278e-09 0.000000000000000000e+00 0.000000000000000000e+00 7.745906605767955573e-09 0.000000000000000000e+00 4.461369898299144442e-09
1.000049998750062343e+02 6.608315511614059498e-08 3.222077952341287937e-08 8.384764184340612970e-08 1.554955834228437451e-08 8.370714406834000054e-09 3.998416672360124737e-09 0.000000000000000000e+00 7.491944782584622371e-11 0.000000000000000000e+00 0.000000000000000000e+00 2.591691282313106447e-09 0.000000000000000000e+00 0.000000000000000000e+00 7.800873779306436822e-09 0.000000000000000000e+00 4.591853007720248860e-09
1.202326950867661139e+02 6.880282011204903173e-08 3.548682624625108885e-08 8.401760134795786591e-08 1.689635459894619350e-08 8.423938673228056457e-09 5.002512035267993690e-09 0.000000000000000000e+00 1.302820084710077146e-10 0.000000000000000000e+00 0.000000000000000000e+00 2.556027620238198299e-09 0.000000000000000000e+00 0.000000000000000000e+00 7.814024644978262708e-09 0.000000000000000000e+00 4.769951609444151163e-09
1.445517822698399470e+02 7.339359703718000420e-08 4.423846345028134577e-08 8.460377612188016882e-08 1.876635948973710185e-08 8.425996392541869264e-09 6.024560698709489825e-09 0.000000000000000000e+00 1.601177683899810363e-10 0.000000000000000000e+00 0.000000000000000000e+00 2.883173064764235727e-09 0.000000000000000000e+00 0.000000000000000000e+00 7.803750872229751792e-09 0.000000000000000000e+00 5.026223133279775393e-09
1.737898143454918340e+02 8.207728699823569310e-08 5.564977055531784904e-08 8.532952631399992927e-08 2.195334837125970556e-08 8.479487929659438709e-09 7.984301817803151049e-09 0.000000000000000000e+00 2.144031000930519611e-10 0.000000000000000000e+00 0.000000000000000000e+00 3.260957650226015886e-09 0.000000000000000000e+00 0.000000000000000000e+00 7.840034738307024212e-09 0.000000000000000000e+00 5.376448020798755221e-09
2.089417307484988271e+02 9.025322376378999940e-08 8.087914385782181277e-08 8.642754933984493442e-08 2.791411996653583216e-08 8.537878465789331285e-09 1.151444700960210937e-08 0.000000000000000000e+00 2.965297591939693872e-10 0.000000000000000000e+00 0.000000000000000000e+00 4.327648334021491418e-09 0.000000000000000000e+00 0.000000000000000000e+00 7.961103717596561144e-09 0.000000000000000000e+00 5.867782815257993502e-09
2.512037141681347236e+02 9.861188130716351652e-08 1.435209558876177640e-07 8.885860636130792745e-08 3.666736778735841194e-08 8.640675458843855475e-09 1.987565716942419379e-08 0.000000000000000000e+00 7.510721277099946759e-10 0.000000000000000000e+00 0.000000000000000000e+00 7.275048297404267837e-09 0.000000000000000000e+00 0.000000000000000000e+00 8.056241826096446977e-09 0.000000000000000000e+00 6.433081696552044858e-09
3.020138953851341626e+02 1.112656040180225497e-07 2.816383282330475587e-07 9.268396898023568197e-08 4.689394493365555734e-08 8.838336967638746612e-09 3.780616750453713858e-08 0.000000000000000000e+00 1.918618353621328096e-09 0.000000000000000000e+00 0.000000000000000000e+00 1.454136297837153900e-08 0.000000000000000000e+00 0.000000000000000000e+00 8.179634466896965179e-09 0.000000000000000000e+00 6.977362273799934935e-09
3.631012913473597905e+02 1.164019555354300876e-07 4.365817275384420366e-07 9.610233011143851512e-08 5.375928143544411902e-08 9.130630780005523184e-09 5.837896882419747425e-08 0.000000000000000000e+00 3.019083539113150230e-09 0.000000000000000000e+00 0.000000000000000000e+00 2.740740496255321461e-08 0.000000000000000000e+00 0.000000000000000000e+00 8.331965225351115683e-09 0.000000000000000000e+00 7.359668390203859226e-09
4.365446417953451146e+02 1.161786154938402630e-07 3.586343699442868836e-07 1.009489523268187796e-07 5.115640580679236905e-08 9.582027163106217481e-09 4.613497621871724260e-08 0.000000000000000000e+00 2.595923399663924494e-09 0.000000000000000000e+00 0.000000000000000000e+00 2.401887752599581226e-08 0.000000000000000000e+00 0.000000000000000000e+00 8.854859184093935881e-09 0.000000000000000000e+00 7.586248790696816251e-09
5.248431465861045808e+02 1.200554076210655932e-07 3.548447457178307504e-07 1.074271193904375817e-07 4.934560970761721537e-08 1.013837468703238535e-08 4.581711135944195651e-08 0.000000000000000000e+00 1.962752812650800337e-09 0.000000000000000000e+00 0.000000000000000000e+00 1.865271047612242282e-08 0.000000000000000000e+00 0.000000000000000000e+00 9.309793407697710327e-09 0.000000000000000000e+00 7.882752764829996714e-09
6.310015108318302737e+02 1.251633423711428287e-07 5.736407868399923425e-07 1.175008290239538167e-07 5.319555549583860416e-08 1.102302043801692521e-08 7.348830917156691910e-08 0.000000000000000000e+00 2.473453232190843367e-09 0.000000000000000000e+00 0.000000000000000000e+00 2.773245024941819941e-08 0.000000000000000000e+00 0.000000000000000000e+00 1.017596892339610345e-08 0.000000000000000000e+00 8.557766139783742397e-09
7.586321918499722869e+02 1.257368454338017331e-07 6.211689638221046021e-07 1.348991336809713192e-07 5.598647330229504522e-08 1.226275360410673128e-08 7.729310610221770273e-08 0.000000000000000000e+00 2.620601835280966612e-09 0.000000000000000000e+00 0.000000000000000000e+00 3.324063338198757829e-08 0.000000000000000000e+00 0.000000000000000000e+00 1.126114644132090528e-08 0.000000000000000000e+00 9.367954882140403374e-09
9.120783272807046842e+02 1.326563154559426663e-07 6.495801434264936487e-07 1.556005625063080324e-07 5.337978074793867680e-08 1.409359505367412895e-08 8.186540796014108775e-08 0.000000000000000000e+00 2.033308157174186372e-09 0.000000000000000000e+00 0.000000000000000000e+00 2.726201190211046036e-08 0.000000000000000000e+00 0.000000000000000000e+00 1.285072900562599783e-08 0.000000000000000000e+00 1.033730104655665658e-08
1.096561527486145678e+03 1.370906100369651080e-07 7.983956180959673922e-07 1.890322568854139395e-07 5.469978691552722567e-08 1.680608888960116705e-08 9.397860936031030113e-08 0.000000000000000000e+00 1.952286988313888397e-09 0.000000000000000000e+00 0.000000000000000000e+00 2.894055629427237650e-08 0.000000000000000000e+00 0.000000000000000000e+00 1.526674576070749354e-08 0.000000000000000000e+00 1.181127642454624167e-08
1.318359561450997035e+03 1.473588889001888773e-07 1.034839031725425962e-06 2.395408410525016097e-07 5.487598768194772832e-08 2.070263728278577789e-08 1.194759561447701628e-07 0.000000000000000000e+00 1.778072052354102954e-09 0.000000000000000000e+00 0.000000000000000000e+00 2.781211855649437207e-08 0.000000000000000000e+00 0.000000000000000000e+00 1.872700336309376926e-08 0.000000000000000000e+00 1.369655417670459416e-08
1.585019982648646192e+03 1.597807310813388502e-07 1.033443397915122441e-06 3.262837286845517038e-07 5.556985735019010661e-08 2.620807653543282919e-08 1.150534711069949578e-07 0.000000000000000000e+00 1.247891113525000093e-09 0.000000000000000000e+00 0.000000000000000000e+00 2.341553669430289834e-08 0.000000000000000000e+00 0.000000000000000000e+00 2.451263540998350961e-08 0.000000000000000000e+00 1.608676844930254135e-08
1.905616964335945568e+03 1.973909947041957715e-07 1.337647792836294318e-06 4.768548324865817725e-07 5.702269929926433757e-08 3.354687979623705014e-08 1.662975821497041965e-07 0.000000000000000000e+00 7.245363365790685288e-10 0.000000000000000000e+00 0.000000000000000000e+00 1.480791906757739362e-08 0.000000000000000000e+00 0.000000000000000000e+00 3.081212738868844654e-08 0.000000000000000000e+00 1.911827074988299925e-08
2.291060084111202286e+03 2.853629837673441176e-07 1.964952559506409018e-06 7.693902277466359442e-07 6.233835231440446055e-08 4.261965539300639288e-08 2.488238561507383925e-07 0.000000000000000000e+00 1.354350693486070650e-10 0.000000000000000000e+00 0.000000000000000000e+00 7.200543237880393927e-09 0.000000000000000000e+00 0.000000000000000000e+00 4.003142182554151922e-08 0.000000000000000000e+00 2.325629881625871062e-08
2.754465565348672044e+03 4.638475273307281868e-07 2.464901048058172839e-06 1.134406524179499459e-06 8.017022959375088502e-08 5.253222239955458136e-08 4.005076289108749348e-07 0.000000000000000000e+00 -5.689133216697620424e-10 0.000000000000000000e+00 0.000000000000000000e+00 4.577254088612364310e-09 0.000000000000000000e+00 0.000000000000000000e+00 4.861038919239840357e-08 0.000000000000000000e+00 2.967037838342182005e-08
3.311602608464510467e+03 5.068654704850626986e-07 4.034731351572807303e-06 1.318884744351240335e-06 1.253461268055900571e-07 6.845349196174162174e-08 3.666067288775742168e-07 0.000000000000000000e+00 -6.799869088594868180e-10 0.000000000000000000e+00 0.000000000000000000e+00 2.265226872303614087e-08 0.000000000000000000e+00 0.000000000000000000e+00 6.251536199147039530e-08 0.000000000000000000e+00 4.066865933166048750e-08
3.981430000197057325e+03 1.241078614501801159e-06 1.043310200475548072e-05 2.935532829149560258e-06 2.898240010593281385e-07 1.077146382535751342e-07 9.283840118002575616e-07 0.000000000000000000e+00 3.127507262921349926e-09 0.000000000000000000e+00 0.000000000000000000e+00 1.116111482980086639e-07 0.000000000000000000e+00 0.000000000000000000e+00 9.597250098067614596e-08 0.000000000000000000e+00 7.391860450118638513e-08
4.786741261150024911e+03 6.446557758487919469e-06 5.501795711659124912e-05 2.023333985705096338e-05 3.843729844167449399e-07 2.047507078959264426e-07 5.537122411601073192e-06 0.000000000000000000e+00 1.169170695962184906e-08 0.000000000000000000e+00 0.000000000000000000e+00 2.310814610742882912e-07 0.000000000000000000e+00 0.000000000000000000e+00 1.808984444420720858e-07 0.000000000000000000e+00 1.309606867306211095e-07
5.754940285289983876e+03 1.812662199955586580e-04 1.671619058621388182e-03 6.474347406866970758e-03 5.621110397542895157e-07 4.218104785302964414e-07 1.357197596267862704e-04 0.000000000000000000e+00 2.075226357076984338e-08 0.000000000000000000e+00 0.000000000000000000e+00 4.652351452560546915e-07 0.000000000000000000e+00 0.000000000000000000e+00 4.476748185348547641e-07 0.000000000000000000e+00 2.406709794520118811e-07
6.918973865593180562e+03 0.000000000000000000e+00 0.000000000000000000e+00 0.000000000000000000e+00 3.715285459050339707e-06 4.952399133557668216e-06 0.000000000000000000e+00 0.000000000000000000e+00 0.000000000000000000e+00 0.000000000000000000e+00 0.000000000000000000e+00 0.000000000000000000e+00 0.000000000000000000e+00 0.000000000000000000e+00 0.000000000000000000e+00 0.000000000000000000e+00 0.000000000000000000e+00
8.318452838707295086e+03 0.000000000000000000e+00 0.000000000000000000e+00 0.000000000000000000e+00 3.319624101693208077e-04 9.325783415146598554e-04 0.000000000000000000e+00 0.000000000000000000e+00 0.000000000000000000e+00 0.000000000000000000e+00 0.000000000000000000e+00 0.000000000000000000e+00 0.000000000000000000e+00 0.000000000000000000e+00 0.000000000000000000e+00 0.000000000000000000e+00 0.000000000000000000e+00
1.000099999999999818e+04 0.000000000000000000e+00 0.000000000000000000e+00 0.000000000000000000e+00 0.000000000000000000e+00 0.000000000000000000e+00 0.000000000000000000e+00 0.000000000000000000e+00 0.000000000000000000e+00 0.000000000000000000e+00 0.000000000000000000e+00 0.000000000000000000e+00 0.000000000000000000e+00 0.000000000000000000e+00 0.000000000000000000e+00 0.000000000000000000e+00 0.000000000000000000e+00
