1.000000000000000000e+00 5.940170327402204001e-08 1.395025381542152324e-07 1.065710801054456965e-07
1.202266839028468093e+00 5.991576904332228206e-08 1.378818314692703206e-07 1.063900716016454986e-07
1.445445552227504260e+00 5.941767426980556853e-08 1.352417237087800331e-07 1.045734730727687077e-07
1.737811255064319882e+00 5.877604319323477124e-08 1.352485371308770032e-07 1.044872936108138071e-07
2.089312844454274565e+00 5.980857745755486706e-08 1.359421752499541686e-07 1.053408554330433115e-07
2.511911549243617703e+00 6.038319049035962186e-08 1.375973271152256832e-07 1.062639712677311320e-07
3.019987958228226521e+00 5.906964466561906810e-08 1.331283466229391153e-07 1.070002126432439868e-07
3.630831376443087510e+00 5.928844959141285836e-08 1.372512190070614651e-07 1.056360187402518243e-07
4.365228162001612233e+00 5.972272313940239204e-08 1.354380237406532346e-07 1.047807028226750405e-07
5.248169063967726977e+00 5.915365949972497616e-08 1.357885240241608137e-07 1.047212294010776034e-07
6.309699631223472771e+00 5.935311041727974107e-08 1.362553177090091766e-07 1.064513811669881222e-07
7.585942630850135870e+00 5.895107055356703913e-08 1.366943757902789639e-07 1.048941335364111876e-07
9.120327267843492791e+00 5.913682341300079309e-08 1.360105868167824028e-07 1.068439437812581576e-07
1.096506703521533943e+01 5.930633434369648504e-08 1.369941485241266996e-07 1.055791104081484345e-07
1.318293648416360320e+01 5.964004363714824855e-08 1.373417694969500702e-07 1.066957524713126817e-07
1.584940737592843618e+01 5.994213609527480723e-08 1.388635578433295336e-07 1.052880535867636677e-07
1.905521690633197096e+01 5.896863227110943042e-08 1.381416633204945452e-07 1.070840535041525162e-07
2.290945539697756672e+01 5.956471343391592941e-08 1.378014930446922832e-07 1.079002525625165731e-07
2.754327852398788679e+01 5.948815541628724213e-08 1.386817941762817089e-07 1.052020697441053451e-07
3.311437040751560801e+01 6.063804730490590923e-08 1.409540871424105417e-07 1.094587104330086635e-07
3.981230943626162144e+01 5.979435365276883524e-08 1.414636138373794726e-07 1.078158706273901794e-07
4.786501942035751966e+01 6.095909420051421223e-08 1.421209645313754597e-07 1.129360399823855387e-07
5.754652559854947924e+01 6.207774426705853593e-08 1.467502383861794237e-07 1.133932294546427757e-07
6.918627942843887979e+01 6.405916296202526347e-08 1.482930845338925463e-07 1.194488604223772621e-07
8.318036947256955216e+01 6.450801009271774267e-08 1.584199634276251756e-07 1.254586895636010014e-07
1.000049998750062343e+02 6.512813715436335702e-08 1.747067598384347455e-07 1.347826257134613964e-07
1.202326950867661139e+02 6.766938767995032133e-08 1.949252763710900596e-07 1.547060774402257574e-07
1.445517822698399470e+02 7.350649110577933156e-08 2.219969404055578333e-07 1.867560160597440263e-07
1.737898143454918340e+02 8.328392521734253885e-08 2.853591938292751594e-07 2.466756058018871776e-07
2.089417307484988271e+02 8.970023681792835088e-08 3.357239565859395891e-07 3.417357384987082099e-07
2.512037141681347236e+02 9.818514300459218051e-08 3.646344188438374514e-07 4.547735230652582339e-07
3.020138953851341626e+02 1.082849092833705519e-07 3.333179995764665532e-07 4.651889420130230509e-07
3.631012913473597905e+02 1.190356887637846577e-07 2.652966743744864795e-07 3.811085422002603546e-07
4.365446417953451146e+02 1.160306104671462573e-07 2.235021575164516305e-07 3.189237956236825369e-07
5.248431465861045808e+02 1.227333920410455065e-07 2.544805907173155779e-07 3.659502149416251399e-07
6.310015108318302737e+02 1.276421640519907351e-07 2.866369139676558948e-07 4.404052666378051592e-07
7.586321918499722869e+02 1.249753996005480906e-07 2.473845693231893779e-07 3.586670540275467047e-07
9.120783272807046842e+02 1.348292110143452642e-07 3.240806952087171312e-07 4.817504672228857972e-07
1.096561527486145678e+03 1.362688748802957263e-07 3.071728064118861602e-07 4.214122915776169249e-07
1.318359561450997035e+03 1.461958314512969739e-07 3.880849893608890384e-07 5.094414607719696186e-07
1.585019982648646192e+03 1.583436317121066502e-07 5.811978878350592906e-07 8.137020263298807709e-07
1.905616964335945568e+03 2.011137627919957841e-07 8.786947051764213024e-07 1.077231315637541395e-06
2.291060084111202286e+03 2.963994108579589421e-07 2.273556562258236530e-06 2.811257289026472798e-06
2.754465565348672044e+03 4.666998117522506150e-07 4.458099295780909213e-05 2.888108830832815906e-05
3.311602608464510467e+03 5.086239158524475242e-07 7.433778900866209765e-07 7.760207818427135663e-07
3.981430000197057325e+03 1.240454352824908478e-06 1.635837381762160926e-06 1.676232848859360536e-06
4.786741261150024911e+03 6.433272271555871076e-06 7.605570504837563349e-06 8.165633235986664395e-06
5.754940285289983876e+03 1.832624685506626598e-04 1.896596715401576913e-04 1.923286159257174034e-04
6.918973865593180562e+03 0.000000000000000000e+00 0.000000000000000000e+00 0.000000000000000000e+00
8.318452838707295086e+03 0.000000000000000000e+00 0.000000000000000000e+00 0.000000000000000000e+00
1.000099999999999818e+04 0.000000000000000000e+00 0.000000000000000000e+00 0.000000000000000000e+00
