1.000000000000000000e+00 1.382867859551121415e-07 1.072340449878567209e-07
1.202266839028468093e+00 1.381113783400645177e-07 1.071557136450381693e-07
1.445445552227504260e+00 1.364010428050507371e-07 1.062638527158015077e-07
1.737811255064319882e+00 1.368091719669464777e-07 1.064147474949693928e-07
2.089312844454274565e+00 1.372163354841158049e-07 1.066679385713694621e-07
2.511911549243617703e+00 1.382549725143485751e-07 1.071446045843235251e-07
3.019987958228226521e+00 1.359038316942798920e-07 1.077437578162130650e-07
3.630831376443087510e+00 1.373491629450464912e-07 1.069977006419296365e-07
4.365228162001612233e+00 1.369050572469339425e-07 1.065582059122589141e-07
5.248169063967726977e+00 1.367695918357476875e-07 1.064298681347051766e-07
6.309699631223472771e+00 1.368770621612373821e-07 1.078014056751881341e-07
7.585942630850135870e+00 1.375062467117410659e-07 1.064026521418030412e-07
9.120327267843492791e+00 1.372010324171436318e-07 1.074504842271139066e-07
1.096506703521533943e+01 1.375476312802667580e-07 1.072242534291729190e-07
1.318293648416360320e+01 1.376307783773242056e-07 1.076379308261407323e-07
1.584940737592843618e+01 1.387608760712250495e-07 1.073955892134501411e-07
1.905521690633197096e+01 1.386300565901342692e-07 1.078835227117534624e-07
2.290945539697756672e+01 1.384094894161079852e-07 1.086593147395272555e-07
2.754327852398788679e+01 1.391479836157852376e-07 1.074870783800615724e-07
3.311437040751560801e+01 1.405443482435552013e-07 1.099856291497287904e-07
3.981230943626162144e+01 1.414987511363694048e-07 1.098951001277591419e-07
4.786501942035751966e+01 1.422965310670070688e-07 1.129875732348267476e-07
5.754652559854947924e+01 1.454247815985309968e-07 1.146781190146289715e-07
6.918627942843887979e+01 1.474541151339949064e-07 1.198644647361038808e-07
8.318036947256955216e+01 1.538504747212427744e-07 1.245529290828880477e-07
1.000049998750062343e+02 1.645835032243300953e-07 1.322447887373012609e-07
1.202326950867661139e+02 1.760853767160515762e-07 1.459585748800479160e-07
1.445517822698399470e+02 1.913950949698825274e-07 1.663545878583898264e-07
1.737898143454918340e+02 2.191941706000733762e-07 1.979878799793692956e-07
2.089417307484988271e+02 2.367766778536758258e-07 2.334710036309220440e-07
2.512037141681347236e+02 2.395912168767220415e-07 2.610680100770313223e-07
3.020138953851341626e+02 2.214386824054782847e-07 2.503764581979899398e-07
3.631012913473597905e+02 1.912187628773231334e-07 2.147796166892094059e-07
4.365446417953451146e+02 1.763378657895169357e-07 1.955780066791984258e-07
5.248431465861045808e+02 1.870330359895773948e-07 2.075365553052199726e-07
6.310015108318302737e+02 1.767582952688485338e-07 2.068114934273232248e-07
7.586321918499722869e+02 1.391068499813008623e-07 1.616757015118135160e-07
9.120783272807046842e+02 1.359034484493285916e-07 1.657348633233744425e-07
1.096561527486145678e+03 1.016832687881391078e-07 1.249742844595177189e-07
1.318359561450997035e+03 8.490006808120619452e-08 1.055889719164040927e-07
1.585019982648646192e+03 6.793065238252550150e-08 8.802255606270056592e-08
1.905616964335945568e+03 5.415692442086728089e-08 7.199968528125740100e-08
2.291060084111202286e+03 5.299467457804251503e-08 7.149774032811104258e-08
2.754465565348672044e+03 1.686412180488238305e-07 1.640514073354758808e-07
3.311602608464510467e+03 -6.835393506283975337e-08 -7.978948346470341670e-08
3.981430000197057325e+03 -2.984535359080275128e-07 -3.332256918148107151e-07
4.786741261150024911e+03 -1.842276174316200888e-06 -2.076442253019694360e-06
5.754940285289983876e+03 -3.283098974319271287e-05 -3.855169935375992514e-05
6.918973865593180562e+03 0.000000000000000000e+00 0.000000000000000000e+00
8.318452838707295086e+03 0.000000000000000000e+00 0.000000000000000000e+00
1.000099999999999818e+04 0.000000000000000000e+00 0.000000000000000000e+00
