1.056032981064548126e+00 1.543616418778437815e-07 8.591134270131651009e-08 3.303263830525141657e-07 5.801593684101493131e-08 3.409880466589930927e-08 8.049994458647473513e-09 0.000000000000000000e+00 3.338864892844060001e-10 0.000000000000000000e+00 0.000000000000000000e+00 9.588410195684882924e-09 0.000000000000000000e+00 0.000000000000000000e+00 3.237277617534939528e-08 0.000000000000000000e+00 1.658749329848447441e-08
1.175443983510534363e+00 1.249370460161458612e-07 7.059299914240350855e-08 2.637911600240882745e-07 4.725968605772116623e-08 2.746528182546488942e-08 7.061430597274172982e-09 0.000000000000000000e+00 9.889364614353683093e-11 0.000000000000000000e+00 0.000000000000000000e+00 8.136123104417391363e-09 0.000000000000000000e+00 0.000000000000000000e+00 2.540707717996925097e-08 0.000000000000000000e+00 1.347401837372632142e-08
1.308357393325258133e+00 1.008960441669329420e-07 5.657533309314685562e-08 2.109680995185941505e-07 3.809148517400484595e-08 2.213503339656105293e-08 5.629281253690492575e-09 0.000000000000000000e+00 -1.853303503623059127e-10 0.000000000000000000e+00 0.000000000000000000e+00 6.413438630830125820e-09 0.000000000000000000e+00 0.000000000000000000e+00 2.055099532827265285e-08 0.000000000000000000e+00 1.082756248250250184e-08
1.456299996156748877e+00 8.096765332329137894e-08 4.575358264921989664e-08 1.708685308752380413e-07 3.078501077752718112e-08 1.787463055162886101e-08 4.712801806333396305e-09 0.000000000000000000e+00 -8.586368780518879168e-11 0.000000000000000000e+00 0.000000000000000000e+00 5.108848884232884786e-09 0.000000000000000000e+00 0.000000000000000000e+00 1.658000458542198896e-08 0.000000000000000000e+00 8.744520302807579216e-09
1.620971219045888478e+00 6.544561496763277556e-08 3.665772047242420878e-08 1.387231139428894197e-07 2.479380601214823378e-08 1.444417459876228426e-08 3.597392659429022021e-09 0.000000000000000000e+00 -1.232643614194716378e-10 0.000000000000000000e+00 0.000000000000000000e+00 4.248713644390263981e-09 0.000000000000000000e+00 0.000000000000000000e+00 1.340401572531571424e-08 0.000000000000000000e+00 7.053933596564316255e-09
1.804262651863866251e+00 5.321063754250994433e-08 2.976923355781653344e-08 1.116815001157105966e-07 2.013153902156717259e-08 1.165924861655953734e-08 2.998161860220944003e-09 0.000000000000000000e+00 -5.229768700809146032e-11 0.000000000000000000e+00 0.000000000000000000e+00 3.397315392270702959e-09 0.000000000000000000e+00 0.000000000000000000e+00 1.080708244927305323e-08 0.000000000000000000e+00 5.712448292012521424e-09
2.008279776137516404e+00 4.273260209860264391e-08 2.384309606201322229e-08 9.048763368754099906e-08 1.619084303986481697e-08 9.432704844086444651e-09 2.327423019455235831e-09 0.000000000000000000e+00 -2.321685596709188211e-11 0.000000000000000000e+00 0.000000000000000000e+00 2.689668101174078750e-09 0.000000000000000000e+00 0.000000000000000000e+00 8.770588493942352002e-09 0.000000000000000000e+00 4.599786508990740659e-09
2.235366150863083323e+00 3.445901167337841934e-08 1.942267166745451347e-08 7.260368898054303410e-08 1.299624837258351134e-08 7.621797868767774796e-09 1.974853516592701221e-09 0.000000000000000000e+00 -3.668427945650211435e-11 0.000000000000000000e+00 0.000000000000000000e+00 2.216241288643802590e-09 0.000000000000000000e+00 0.000000000000000000e+00 7.060826774018626421e-09 0.000000000000000000e+00 3.719113761810538913e-09
2.488130333132567262e+00 2.782224177529040804e-08 1.564865432736516359e-08 5.889934811763720159e-08 1.055319832217466143e-08 6.136648658051318118e-09 1.531612452003973250e-09 0.000000000000000000e+00 -1.736187226361420573e-11 0.000000000000000000e+00 0.000000000000000000e+00 1.787816610450434926e-09 0.000000000000000000e+00 0.000000000000000000e+00 5.700809857177193717e-09 0.000000000000000000e+00 3.000662263392969548e-09
2.769475842811750965e+00 2.234323658749361439e-08 1.257324388565791355e-08 4.774873540992892481e-08 8.530279731480218480e-09 4.943212838901990704e-09 1.228910996412229987e-09 0.000000000000000000e+00 -1.133599305672766045e-11 0.000000000000000000e+00 0.000000000000000000e+00 1.422375904902769945e-09 0.000000000000000000e+00 0.000000000000000000e+00 4.601501873826760996e-09 0.000000000000000000e+00 2.416265058419006271e-09
3.082634515476230241e+00 1.807494200446478620e-08 1.016460653262920367e-08 3.834960260798634114e-08 6.848362405033614943e-09 3.996511804078280876e-09 1.019277652118955587e-09 0.000000000000000000e+00 -1.705747474719065385e-11 0.000000000000000000e+00 0.000000000000000000e+00 1.172667310507897845e-09 0.000000000000000000e+00 0.000000000000000000e+00 3.712147165518546222e-09 0.000000000000000000e+00 1.952514461532899603e-09
3.431203626733101864e+00 1.463708485354386712e-08 8.249492109604593922e-09 3.108069835663429736e-08 5.557852889929767862e-09 3.221103578010047254e-09 8.471068731579017808e-10 0.000000000000000000e+00 -1.428673102240867805e-11 0.000000000000000000e+00 0.000000000000000000e+00 9.381741808398990174e-10 0.000000000000000000e+00 0.000000000000000000e+00 3.011335128882478665e-09 0.000000000000000000e+00 1.578520998995457753e-09
3.819187214377767425e+00 1.183092185051295217e-08 6.603035506682478039e-09 2.494069566685445139e-08 4.482340837078614458e-09 2.605886188538755431e-09 6.574564606426655391e-10 0.000000000000000000e+00 -4.575576753523080489e-12 0.000000000000000000e+00 0.000000000000000000e+00 7.622315672860201283e-10 0.000000000000000000e+00 0.000000000000000000e+00 2.417142433576646311e-09 0.000000000000000000e+00 1.274040973836645926e-09
4.251042073056519932e+00 9.503060469728266914e-09 5.364180945504875426e-09 2.014002647951673216e-08 3.596346492584959444e-09 2.106349699679362645e-09 5.118315213843909056e-10 0.000000000000000000e+00 -6.848648562693925267e-12 0.000000000000000000e+00 0.000000000000000000e+00 6.134362613871809466e-10 0.000000000000000000e+00 0.000000000000000000e+00 1.952644806903321695e-09 0.000000000000000000e+00 1.027074619253847679e-09
4.731728949778890581e+00 7.709027226447737037e-09 4.309216360573750725e-09 1.627980097937971441e-08 2.936321457131637012e-09 1.691569246778684640e-09 4.490439164866224895e-10 0.000000000000000000e+00 -5.547217940916214617e-12 0.000000000000000000e+00 0.000000000000000000e+00 5.039146792102451049e-10 0.000000000000000000e+00 0.000000000000000000e+00 1.577277844042928841e-09 0.000000000000000000e+00 8.309125873422449481e-10
5.266769528365972342e+00 6.201014103596489421e-09 3.494298266005627299e-09 1.312389027510784113e-08 2.346174904737506441e-09 1.371106636650812658e-09 3.539414747858158747e-10 0.000000000000000000e+00 -3.455237939167534872e-12 0.000000000000000000e+00 0.000000000000000000e+00 3.945699281757744047e-10 0.000000000000000000e+00 0.000000000000000000e+00 1.273753973928953201e-09 0.000000000000000000e+00 6.694401537926450934e-10
5.862309857419115922e+00 5.015190901939514582e-09 2.815180602887121289e-09 1.062707485470593440e-08 1.897685393587198416e-09 1.107674555443684260e-09 2.797303444995058516e-10 0.000000000000000000e+00 -4.165523675160547666e-12 0.000000000000000000e+00 0.000000000000000000e+00 3.218184932489483377e-10 0.000000000000000000e+00 0.000000000000000000e+00 1.030145995693785589e-09 0.000000000000000000e+00 5.408364736564466984e-10
6.525190950410857837e+00 4.045237526120560916e-09 2.275986972785332253e-09 8.568121866519130342e-09 1.535323375894202993e-09 8.923727956137141779e-10 2.289518702793206193e-10 0.000000000000000000e+00 -2.124802277160501343e-12 0.000000000000000000e+00 0.000000000000000000e+00 2.577236857134801823e-10 0.000000000000000000e+00 0.000000000000000000e+00 8.336449728236040166e-10 0.000000000000000000e+00 4.364473469866699094e-10
7.263027368885755841e+00 3.278616030956375773e-09 1.842397493064392274e-09 6.904661076572074486e-09 1.239848696953701647e-09 7.188852198967456212e-10 1.836689448697784578e-10 0.000000000000000000e+00 -1.835161065686907822e-12 0.000000000000000000e+00 0.000000000000000000e+00 2.112713708274583517e-10 0.000000000000000000e+00 0.000000000000000000e+00 6.671222919015803163e-10 0.000000000000000000e+00 3.524403902093432367e-10
8.084294691462201143e+00 2.628053943271982823e-09 1.485523011229376323e-09 5.562238073374868672e-09 1.002445322710842946e-09 5.818584896751743307e-10 1.435071197145512883e-10 0.000000000000000000e+00 -1.335847691549041511e-12 0.000000000000000000e+00 0.000000000000000000e+00 1.671222384618918636e-10 0.000000000000000000e+00 0.000000000000000000e+00 5.412473953383154687e-10 0.000000000000000000e+00 2.843547220732479590e-10
8.998426873397548320e+00 2.132378626847434701e-09 1.194095836587497526e-09 4.487936259777706378e-09 8.065607897584438822e-10 4.682748754699160121e-10 1.213477911067458721e-10 0.000000000000000000e+00 -1.138108896120922033e-12 0.000000000000000000e+00 0.000000000000000000e+00 1.387118558972389295e-10 0.000000000000000000e+00 0.000000000000000000e+00 4.351600743590766260e-10 0.000000000000000000e+00 2.294761586409221156e-10
1.001592461509324039e+01 1.713786736723050889e-09 9.617137088713589604e-10 3.621852014513072522e-09 6.507121301815007935e-10 3.783526595865327384e-10 9.643891209528151044e-11 0.000000000000000000e+00 -1.252186487454243271e-12 0.000000000000000000e+00 0.000000000000000000e+00 1.099643608796515067e-10 0.000000000000000000e+00 0.000000000000000000e+00 3.506559776532101105e-10 0.000000000000000000e+00 1.849482757616789824e-10
1.114847598437533449e+01 1.391083116692001498e-09 7.804593252286065652e-10 2.931921860368828211e-09 5.286937537974172586e-10 3.056427690043292368e-10 7.836100196808559943e-11 0.000000000000000000e+00 -9.552978569380603377e-13 0.000000000000000000e+00 0.000000000000000000e+00 9.103026134296180963e-11 0.000000000000000000e+00 0.000000000000000000e+00 2.841045738951488575e-10 0.000000000000000000e+00 1.499493988135545290e-10
1.240909067814867583e+01 1.120233330578091626e-09 6.320650638094835176e-10 2.362278470468063709e-09 4.284444691807908538e-10 2.470196752934218401e-10 6.413958973120200554e-11 0.000000000000000000e+00 -9.668389383881576578e-13 0.000000000000000000e+00 0.000000000000000000e+00 7.253252625795919968e-11 0.000000000000000000e+00 0.000000000000000000e+00 2.287209985565773485e-10 0.000000000000000000e+00 1.211849398826224737e-10
1.381224946569640366e+01 9.060887282958278706e-10 5.084668504097577011e-10 1.904187908476835631e-09 3.430840215361001823e-10 1.995724278614386603e-10 5.185800309318779601e-11 0.000000000000000000e+00 -8.639781638954017619e-13 0.000000000000000000e+00 0.000000000000000000e+00 5.798603618502216734e-11 0.000000000000000000e+00 0.000000000000000000e+00 1.846737076607208748e-10 0.000000000000000000e+00 9.761103890585686669e-11
1.537407053029052229e+01 7.349777970808671083e-10 4.112245536627577225e-10 1.539752325935917950e-09 2.795699149856185149e-10 1.602692295375026797e-10 4.073105823157574711e-11 0.000000000000000000e+00 -5.946921987012722365e-13 0.000000000000000000e+00 0.000000000000000000e+00 4.640415264926025562e-11 0.000000000000000000e+00 0.000000000000000000e+00 1.486450409045947187e-10 0.000000000000000000e+00 7.876261763125851569e-11
1.711249461989307719e+01 5.891397891775092840e-10 3.329942849269110613e-10 1.248494817321526997e-09 2.242628312707799990e-10 1.297141081667612951e-10 3.374316432161362097e-11 0.000000000000000000e+00 -3.778701716384240554e-13 0.000000000000000000e+00 0.000000000000000000e+00 3.780935190124874599e-11 0.000000000000000000e+00 0.000000000000000000e+00 1.208601943187485226e-10 0.000000000000000000e+00 6.361198368116543859e-11
1.904749113378321468e+01 4.757819644916142277e-10 2.722335536266940322e-10 1.005837934030966925e-09 1.811342896338630103e-10 1.045704475256092375e-10 2.853995914790270921e-11 0.000000000000000000e+00 -2.579295991004730562e-13 0.000000000000000000e+00 0.000000000000000000e+00 3.038947261895631437e-11 0.000000000000000000e+00 0.000000000000000000e+00 9.744525791129479213e-11 0.000000000000000000e+00 5.143398175277361729e-11
2.120128751244688203e+01 3.828928714927850614e-10 2.181782115467519586e-10 8.091383116633974274e-10 1.468649369917924530e-10 8.436708906529394913e-11 2.194647091077940496e-11 0.000000000000000000e+00 -7.990534334646609035e-14 0.000000000000000000e+00 0.000000000000000000e+00 2.527295957535726159e-11 0.000000000000000000e+00 0.000000000000000000e+00 7.858330475216583482e-11 0.000000000000000000e+00 4.153526436292843973e-11
2.359862456574094125e+01 3.111257281882197318e-10 1.770353499728348274e-10 6.526264059531104453e-10 1.184490722334971857e-10 6.825287012487768574e-11 1.853826327599801732e-11 0.000000000000000000e+00 -1.850668891289036448e-13 0.000000000000000000e+00 0.000000000000000000e+00 2.022848968886165904e-11 0.000000000000000000e+00 0.000000000000000000e+00 6.324146018532139803e-11 0.000000000000000000e+00 3.360239110138086130e-11
2.626704067231091244e+01 2.513683956007172930e-10 1.422371278911060032e-10 5.261671338609727209e-10 9.498152781999860454e-11 5.507099194272792172e-11 1.440862152394089875e-11 0.000000000000000000e+00 -1.668684190969725259e-13 0.000000000000000000e+00 0.000000000000000000e+00 1.594090545304214045e-11 0.000000000000000000e+00 0.000000000000000000e+00 5.115433843230142493e-11 0.000000000000000000e+00 2.701620046326875230e-11
2.923718811487309566e+01 2.051947547675483437e-10 1.162661544849571804e-10 4.248642377908827933e-10 7.733301252527991594e-11 4.442469405501188786e-11 1.176305913816215048e-11 0.000000000000000000e+00 -1.009929546494036309e-13 0.000000000000000000e+00 0.000000000000000000e+00 1.310210181125680400e-11 0.000000000000000000e+00 0.000000000000000000e+00 4.121692771172723806e-11 0.000000000000000000e+00 2.192377505595588467e-11
3.254318518513449021e+01 1.658253756225783248e-10 9.400741145714303783e-11 3.438294675284090493e-10 6.255638874014487271e-11 3.583373420349997346e-11 9.977359394906263657e-12 0.000000000000000000e+00 -9.134031002447365837e-14 0.000000000000000000e+00 0.000000000000000000e+00 1.030870523580534167e-11 0.000000000000000000e+00 0.000000000000000000e+00 3.332380006582754755e-11 0.000000000000000000e+00 1.769814421483459809e-11
3.622300810299908846e+01 1.328835518844903468e-10 7.666162389075371743e-11 2.770355198224203032e-10 5.068159481909263663e-11 2.900341400712171144e-11 7.816847346619679013e-12 0.000000000000000000e+00 -7.372554134418178623e-14 0.000000000000000000e+00 0.000000000000000000e+00 8.641302277700177674e-12 0.000000000000000000e+00 0.000000000000000000e+00 2.696020915994659746e-11 0.000000000000000000e+00 1.434285860922222992e-11
4.031892725206589034e+01 1.087874699740273494e-10 6.134849736256011747e-11 2.233650379542519410e-10 4.157470167925527466e-11 2.337285529544501317e-11 6.605319945364858643e-12 0.000000000000000000e+00 -9.489038959364440263e-15 0.000000000000000000e+00 0.000000000000000000e+00 6.887442196885860521e-12 0.000000000000000000e+00 0.000000000000000000e+00 2.167274588099907626e-11 0.000000000000000000e+00 1.161891497535167683e-11
4.487799274248540371e+01 8.675298659157390808e-11 5.059774084103400004e-11 1.805413313500079605e-10 3.438412190765226056e-11 1.887431721235753177e-11 5.358678073045438494e-12 0.000000000000000000e+00 -1.422222098387908783e-15 0.000000000000000000e+00 0.000000000000000000e+00 5.837143968486788922e-12 0.000000000000000000e+00 0.000000000000000000e+00 1.754361736768388800e-11 0.000000000000000000e+00 9.469004868299204262e-12
4.995257487887015913e+01 7.090286168149336177e-11 4.107957463435294195e-11 1.458138276644385438e-10 2.765384847996099197e-11 1.525957053574813696e-11 4.496606532402521470e-12 0.000000000000000000e+00 1.211128253220656641e-14 0.000000000000000000e+00 0.000000000000000000e+00 4.508725934695636380e-12 0.000000000000000000e+00 0.000000000000000000e+00 1.416536903765413883e-11 0.000000000000000000e+00 7.647413145500816243e-12
5.560096574165519456e+01 5.778732307583794198e-11 3.384760134422840348e-11 1.178751034428444354e-10 2.230534119450431282e-11 1.231184988497739420e-11 3.633571638330874220e-12 0.000000000000000000e+00 3.276489206468702361e-14 0.000000000000000000e+00 0.000000000000000000e+00 3.631190542972606240e-12 0.000000000000000000e+00 0.000000000000000000e+00 1.145663987409363287e-11 0.000000000000000000e+00 6.191338287038165810e-12
6.188804879230252709e+01 4.783154345226970802e-11 2.751449530575596947e-11 9.534443084875130056e-11 1.827574072098352745e-11 9.920910752774180012e-12 3.028440877128051442e-12 0.000000000000000000e+00 2.687484507912247917e-14 0.000000000000000000e+00 0.000000000000000000e+00 3.088290140993482650e-12 0.000000000000000000e+00 0.000000000000000000e+00 9.252567248683576842e-12 0.000000000000000000e+00 5.039991751311156815e-12
6.888604419417499969e+01 3.861944044416050224e-11 2.286501086057883690e-11 7.654821539345518596e-11 1.509952309923152744e-11 8.039701573311727867e-12 2.501038873859799149e-12 0.000000000000000000e+00 3.898983517048635740e-14 0.000000000000000000e+00 0.000000000000000000e+00 2.374238657560142636e-12 0.000000000000000000e+00 0.000000000000000000e+00 7.435051756349377505e-12 0.000000000000000000e+00 4.105432109085834856e-12
7.667533841060405564e+01 3.155752841248408144e-11 1.928430353775610949e-11 6.213901317553101886e-11 1.261998927660780022e-11 6.488082561238918144e-12 2.230825359496580953e-12 0.000000000000000000e+00 3.923988403818889586e-14 0.000000000000000000e+00 0.000000000000000000e+00 2.073371204764015841e-12 0.000000000000000000e+00 0.000000000000000000e+00 6.052356959908225981e-12 0.000000000000000000e+00 3.376940422034198228e-12
8.534540760983165342e+01 2.569594697164877110e-11 1.627338575954245931e-11 5.008375118694503209e-11 1.047103253615832023e-11 5.232644154623925669e-12 1.845319611410649011e-12 0.000000000000000000e+00 3.628988332194353685e-14 0.000000000000000000e+00 0.000000000000000000e+00 1.682166914997479933e-12 0.000000000000000000e+00 0.000000000000000000e+00 4.863980439703574306e-12 0.000000000000000000e+00 2.758394811216629556e-12
9.499584548401358575e+01 2.137406186349568450e-11 1.365868580459583349e-11 4.031403655120234557e-11 8.729510830964535754e-12 4.241042900412551412e-12 1.654414856086272757e-12 0.000000000000000000e+00 4.945089460526011499e-14 0.000000000000000000e+00 0.000000000000000000e+00 1.496396657298051421e-12 0.000000000000000000e+00 0.000000000000000000e+00 3.892964841515018340e-12 0.000000000000000000e+00 2.275907857095913666e-12
1.057375072889466310e+02 1.744189026946764468e-11 1.136695675016112372e-11 3.270045352095570405e-11 7.391236883158062865e-12 3.430890285784480218e-12 1.340347695989757026e-12 0.000000000000000000e+00 4.316327945082539823e-14 0.000000000000000000e+00 0.000000000000000000e+00 1.117697472341227779e-12 0.000000000000000000e+00 0.000000000000000000e+00 3.175780330096050344e-12 0.000000000000000000e+00 1.860693857083490920e-12
1.176937832461472624e+02 1.459040293343655460e-11 9.911749303423314075e-12 2.659670065701934232e-11 6.262121292998998883e-12 2.767773503897986077e-12 1.235452815779212095e-12 0.000000000000000000e+00 4.155976040254800870e-14 0.000000000000000000e+00 0.000000000000000000e+00 9.470572542969272524e-13 0.000000000000000000e+00 0.000000000000000000e+00 2.566390168949625409e-12 0.000000000000000000e+00 1.539868215815404477e-12
1.310020159349736844e+02 1.215159115251892873e-11 8.840696103075370128e-12 2.168140329437449528e-11 5.488903284074987635e-12 2.241152539146566672e-12 1.085177574801633809e-12 0.000000000000000000e+00 4.267970399499555217e-14 0.000000000000000000e+00 0.000000000000000000e+00 8.212949688679100604e-13 0.000000000000000000e+00 0.000000000000000000e+00 2.092763804136978875e-12 0.000000000000000000e+00 1.286964539211670943e-12
1.458150779564580262e+02 1.031750128477100226e-11 8.020070000716727944e-12 1.753461682766211121e-11 4.735523922166955520e-12 1.816484547764230518e-12 1.035652232115571214e-12 0.000000000000000000e+00 3.906094615173223256e-14 0.000000000000000000e+00 0.000000000000000000e+00 7.127096508772019158e-13 0.000000000000000000e+00 0.000000000000000000e+00 1.683156916543143627e-12 0.000000000000000000e+00 1.075876193143624993e-12
1.623031279915676635e+02 8.855432508661229461e-12 7.254247801567585268e-12 1.411689866433176218e-11 4.150330339852112649e-12 1.468607342343345058e-12 9.789959362302129809e-13 0.000000000000000000e+00 3.733514671120922896e-14 0.000000000000000000e+00 0.000000000000000000e+00 5.902746116787105301e-13 0.000000000000000000e+00 0.000000000000000000e+00 1.353541239347066857e-12 0.000000000000000000e+00 8.987710719699773677e-13
1.806555654259147161e+02 7.616691676497096024e-12 6.891766009477128578e-12 1.150124530915623568e-11 3.910296437424396552e-12 1.188271532334397654e-12 9.486676045696501042e-13 0.000000000000000000e+00 3.529224855180046555e-14 0.000000000000000000e+00 0.000000000000000000e+00 5.466992093612963183e-13 0.000000000000000000e+00 0.000000000000000000e+00 1.102361959167254660e-12 0.000000000000000000e+00 7.645806109633069434e-13
2.010832059937378347e+02 6.515103174589334100e-12 6.804704690877685963e-12 9.336539355263286570e-12 3.622198447034694393e-12 9.626582200973060073e-13 9.036100865431830338e-13 0.000000000000000000e+00 3.848357498108190752e-14 0.000000000000000000e+00 0.000000000000000000e+00 4.950714297252030551e-13 0.000000000000000000e+00 0.000000000000000000e+00 8.889151357501665953e-13 0.000000000000000000e+00 6.469532886062825436e-13
2.238207034330328042e+02 5.714680002645100689e-12 7.261691547942470637e-12 7.625245483109678584e-12 3.437419616395723303e-12 7.828841814716159262e-13 1.023008208640724711e-12 0.000000000000000000e+00 4.872391299953769161e-14 0.000000000000000000e+00 0.000000000000000000e+00 5.197791013817445460e-13 0.000000000000000000e+00 0.000000000000000000e+00 7.239709563719520299e-13 0.000000000000000000e+00 5.543454317994830388e-13
2.491292449694543905e+02 4.899812579395938044e-12 8.184049590534655676e-12 6.280465085748531272e-12 3.451791480635700077e-12 6.372589346661795346e-13 1.118233309184387137e-12 0.000000000000000000e+00 6.686943743748749404e-14 0.000000000000000000e+00 0.000000000000000000e+00 5.843845975430746714e-13 0.000000000000000000e+00 0.000000000000000000e+00 5.880180719144891403e-13 0.000000000000000000e+00 4.753687315409677453e-13
2.772995515922919481e+02 4.240406755597135633e-12 9.765925276990052634e-12 5.207211349645704927e-12 3.434630689985623487e-12 5.206434802072649057e-13 1.325788556187290908e-12 0.000000000000000000e+00 9.716051320193780386e-14 0.000000000000000000e+00 0.000000000000000000e+00 7.388344647456478846e-13 0.000000000000000000e+00 0.000000000000000000e+00 4.791108415241458769e-13 0.000000000000000000e+00 4.062350808117606118e-13
3.086552175868076802e+02 3.615943013161428402e-12 1.231879928027784848e-11 4.341563528539898374e-12 3.270149035185891156e-12 4.269698352578713173e-13 1.618229091254228620e-12 0.000000000000000000e+00 1.264614033475971609e-13 0.000000000000000000e+00 0.000000000000000000e+00 1.042526253646988084e-12 0.000000000000000000e+00 0.000000000000000000e+00 3.945918299468487222e-13 0.000000000000000000e+00 3.434906230705984856e-13
3.435564276845046834e+02 2.996069330238471195e-12 1.346153808205166112e-11 3.604934343527043272e-12 2.935275069952685643e-12 3.533905645729145073e-13 1.666812623118860570e-12 0.000000000000000000e+00 1.379855432521787392e-13 0.000000000000000000e+00 0.000000000000000000e+00 1.310985673859678391e-12 0.000000000000000000e+00 0.000000000000000000e+00 3.234661382195640067e-13 0.000000000000000000e+00 2.876447285644271061e-13
3.824040945302937757e+02 2.440546230208141160e-12 1.095625160434036329e-11 2.988604239774659878e-12 2.403510810960509634e-12 2.942666759821590055e-13 1.327907341236273672e-12 0.000000000000000000e+00 1.200513152173453664e-13 0.000000000000000000e+00 0.000000000000000000e+00 1.190688212623889912e-12 0.000000000000000000e+00 0.000000000000000000e+00 2.715627595836275153e-13 0.000000000000000000e+00 2.388193601918989857e-13
4.256444639942141634e+02 1.969563906101509341e-12 7.737718495530037355e-12 2.467074641168511443e-12 1.880497060792041101e-12 2.451363720096294803e-13 9.307162034272309404e-13 0.000000000000000000e+00 8.796910534492407272e-14 0.000000000000000000e+00 0.000000000000000000e+00 8.601591874859687042e-13 0.000000000000000000e+00 0.000000000000000000e+00 2.237881250949700447e-13 0.000000000000000000e+00 1.969063979608957694e-13
4.737742412289155709e+02 1.586630085122966582e-12 5.714464264820178918e-12 2.089553919654584763e-12 1.442393070198739423e-12 2.050107329035074832e-13 6.793044821388092086e-13 0.000000000000000000e+00 5.790918702467909446e-14 0.000000000000000000e+00 0.000000000000000000e+00 5.731405627186697599e-13 0.000000000000000000e+00 0.000000000000000000e+00 1.874298536487748443e-13 0.000000000000000000e+00 1.622189636083541372e-13
5.273462963565856398e+02 1.322269533438132949e-12 4.712347346790655035e-12 1.757317648250333356e-12 1.186062818541212130e-12 1.720304962997751327e-13 6.046669812548220849e-13 0.000000000000000000e+00 4.176927363746522557e-14 0.000000000000000000e+00 0.000000000000000000e+00 4.106599727286103286e-13 0.000000000000000000e+00 0.000000000000000000e+00 1.578020556795209558e-13 0.000000000000000000e+00 1.355650645406714583e-13
5.869760153267689020e+02 1.109516277307725031e-12 4.972680109147104809e-12 1.497127031101321561e-12 1.018545404631113141e-12 1.467851538547472815e-13 6.187186920622389002e-13 0.000000000000000000e+00 3.748711227570092485e-14 0.000000000000000000e+00 0.000000000000000000e+00 4.077213963770143017e-13 0.000000000000000000e+00 0.000000000000000000e+00 1.343539923379218254e-13 0.000000000000000000e+00 1.157654500317820010e-13
6.533483688978308237e+02 9.357772802370057865e-13 5.493208690726174657e-12 1.293359874869448021e-12 9.050562257953811368e-13 1.268688478049364319e-13 6.627634460911577807e-13 0.000000000000000000e+00 4.053262102643415478e-14 0.000000000000000000e+00 0.000000000000000000e+00 4.690606645332995111e-13 0.000000000000000000e+00 0.000000000000000000e+00 1.164647352237703821e-13 0.000000000000000000e+00 1.002403669487846517e-13
7.272257809440862957e+02 7.501650280200977877e-13 4.616125192580889553e-12 1.151543607147727063e-12 7.419719654098037349e-13 1.111123980590894335e-13 5.455403454736689159e-13 0.000000000000000000e+00 3.359302968919685199e-14 0.000000000000000000e+00 0.000000000000000000e+00 4.133600966807613648e-13 0.000000000000000000e+00 0.000000000000000000e+00 1.017648589010413020e-13 0.000000000000000000e+00 8.631902178698381819e-14
8.094568864722074295e+02 6.073853553739282322e-13 3.273816712729841099e-12 1.033201774664489500e-12 5.881259550347283244e-13 9.789308818309745530e-14 3.880723696222950609e-13 0.000000000000000000e+00 2.166458616258551723e-14 0.000000000000000000e+00 0.000000000000000000e+00 2.803473842503427272e-13 0.000000000000000000e+00 0.000000000000000000e+00 9.032276389753148198e-14 0.000000000000000000e+00 7.433175638820988349e-14
9.009862799510120794e+02 5.131666871611391105e-13 2.821118565053793699e-12 9.166777222694511375e-13 4.942392454764549733e-13 8.761902639873574788e-14 3.524122618373615383e-13 0.000000000000000000e+00 1.655237769284808349e-14 0.000000000000000000e+00 0.000000000000000000e+00 2.153354536575692815e-13 0.000000000000000000e+00 0.000000000000000000e+00 8.004888558400192194e-14 0.000000000000000000e+00 6.548564084320541590e-14
1.002865365934268880e+03 4.341678927454212586e-13 3.066329428174800367e-12 8.394283621452712406e-13 4.270256202572340409e-13 8.078142459412794646e-14 3.517594112129274866e-13 0.000000000000000000e+00 1.655372223406312897e-14 0.000000000000000000e+00 0.000000000000000000e+00 2.223840042318955648e-13 0.000000000000000000e+00 0.000000000000000000e+00 7.346570937032903319e-14 0.000000000000000000e+00 5.919830887630304864e-14
1.116264436618460877e+03 3.520381247928603335e-13 2.340524650862311217e-12 7.847129356494929410e-13 3.520810320120290724e-13 7.529982236900301598e-14 2.586777417078472994e-13 0.000000000000000000e+00 1.091200299408867876e-14 0.000000000000000000e+00 0.000000000000000000e+00 1.606304402579703041e-13 0.000000000000000000e+00 0.000000000000000000e+00 6.789096635512863669e-14 0.000000000000000000e+00 5.314835334177633421e-14
1.242486115071199492e+03 2.975875840090123286e-13 2.016097905160250193e-12 7.473344697156548699e-13 3.011361440217272284e-13 7.136603921972000454e-14 2.319946314299050197e-13 0.000000000000000000e+00 8.302600150822370562e-15 0.000000000000000000e+00 0.000000000000000000e+00 1.220524292188751310e-13 0.000000000000000000e+00 0.000000000000000000e+00 6.491504314446122501e-14 0.000000000000000000e+00 4.869017919063365690e-14
1.382980318553656389e+03 2.453315405646039069e-13 1.938108526369210566e-12 7.282733959368233287e-13 2.613609830716294942e-13 6.948587799816826470e-14 2.098237952297350144e-13 0.000000000000000000e+00 7.146085497766221373e-15 0.000000000000000000e+00 0.000000000000000000e+00 1.098445426544289773e-13 0.000000000000000000e+00 0.000000000000000000e+00 6.238515137010589057e-14 0.000000000000000000e+00 4.519527725900620007e-14
1.539360913821697523e+03 2.056069958607776925e-13 1.422641440663510557e-12 7.271466839843663700e-13 2.244216895984914361e-13 6.887657144684528475e-14 1.685531118254540551e-13 0.000000000000000000e+00 4.439798873751668133e-15 0.000000000000000000e+00 0.000000000000000000e+00 7.362343470255955353e-14 0.000000000000000000e+00 0.000000000000000000e+00 6.192776682018006448e-14 0.000000000000000000e+00 4.223459857199532335e-14
1.713424255726343517e+03 1.809142837526371457e-13 1.509424861245423712e-12 7.412897176353805910e-13 2.067087730833744665e-13 6.858381186626085584e-14 1.559055174454946505e-13 0.000000000000000000e+00 3.348011303741811729e-15 0.000000000000000000e+00 0.000000000000000000e+00 5.783075430687854962e-14 0.000000000000000000e+00 0.000000000000000000e+00 6.253648064770778356e-14 0.000000000000000000e+00 4.033504198492942890e-14
1.907169822067742189e+03 1.622163509384931300e-13 1.222153985071133247e-12 7.695097501153973266e-13 1.880424900216879628e-13 6.873566739196086033e-14 1.360177863821294906e-13 0.000000000000000000e+00 1.993363017927846168e-15 0.000000000000000000e+00 0.000000000000000000e+00 3.681797013946644975e-14 0.000000000000000000e+00 0.000000000000000000e+00 6.307656180358630213e-14 0.000000000000000000e+00 3.859240509697923898e-14
2.122823181736748211e+03 1.431940339422933854e-13 1.056525542663711518e-12 8.112081115321611761e-13 1.831798398770762975e-13 6.785375972608640348e-14 1.259350471318029113e-13 0.000000000000000000e+00 1.251793910568598575e-15 0.000000000000000000e+00 0.000000000000000000e+00 2.445673313051631296e-14 0.000000000000000000e+00 0.000000000000000000e+00 6.281211222373160335e-14 0.000000000000000000e+00 3.691006268448912854e-14
2.362861559980607581e+03 1.702971861496918781e-13 1.222076292934004966e-12 8.384917260733740600e-13 1.882209157393232150e-13 6.578319626506051154e-14 1.520917531051027958e-13 0.000000000000000000e+00 -6.099393190237590226e-16 0.000000000000000000e+00 0.000000000000000000e+00 6.246707104979861782e-15 0.000000000000000000e+00 0.000000000000000000e+00 6.076317688295116691e-14 0.000000000000000000e+00 3.782623692659826342e-14
2.630042294462951304e+03 1.859984375971173318e-13 9.319627465763052722e-13 8.323452894854494423e-13 2.058635188735993627e-13 6.404448103829969427e-14 1.633360694461117808e-13 0.000000000000000000e+00 -1.683841764766873697e-15 0.000000000000000000e+00 0.000000000000000000e+00 4.167760312843672033e-15 0.000000000000000000e+00 0.000000000000000000e+00 5.855691497175699861e-14 0.000000000000000000e+00 3.852449066061594776e-14
2.927434508994474982e+03 1.930898586019797578e-13 1.194158006024229870e-12 8.120844217764338742e-13 2.387541691841687472e-13 6.315451090335411649e-14 1.630091033264557804e-13 0.000000000000000000e+00 -1.661290161504240199e-15 0.000000000000000000e+00 0.000000000000000000e+00 1.606738149084101498e-14 0.000000000000000000e+00 0.000000000000000000e+00 5.811069518331385542e-14 0.000000000000000000e+00 3.954297825116084333e-14
3.258454368773508122e+03 1.340860569728662231e-13 9.888405195269778092e-13 8.036845827211780633e-13 2.528915120930544123e-13 6.535905883250805318e-14 1.041846647280301467e-13 0.000000000000000000e+00 -1.045276681717926358e-15 0.000000000000000000e+00 0.000000000000000000e+00 2.245758039389734353e-14 0.000000000000000000e+00 0.000000000000000000e+00 5.926908044087430183e-14 0.000000000000000000e+00 3.730703914574092639e-14
3.626904322114499791e+03 1.490091689180162283e-13 1.249055781180246944e-12 9.651937415684583449e-13 2.538531701218989735e-13 7.336871718152448442e-14 1.255967447385556573e-13 0.000000000000000000e+00 4.902507007511044455e-16 0.000000000000000000e+00 0.000000000000000000e+00 4.136759859990959159e-14 0.000000000000000000e+00 0.000000000000000000e+00 6.509018432783969509e-14 0.000000000000000000e+00 4.120609039590853083e-14
4.037016779438275080e+03 2.404924127510226056e-13 2.275481004558384031e-12 1.561401451110612777e-12 2.498257565943337013e-13 9.149684956906381678e-14 2.198009835028762477e-13 0.000000000000000000e+00 2.632846518627022316e-15 0.000000000000000000e+00 0.000000000000000000e+00 7.459821413787373763e-14 0.000000000000000000e+00 0.000000000000000000e+00 7.834054532865830397e-14 0.000000000000000000e+00 5.252976570880640061e-14
4.493502731267226409e+03 4.663469755472421729e-13 5.487044642940670482e-12 3.459938964930879958e-12 2.482307448030227996e-13 1.295182686085642046e-13 4.407310906548737254e-13 0.000000000000000000e+00 4.131390889569286781e-15 0.000000000000000000e+00 0.000000000000000000e+00 1.041256181291617237e-13 0.000000000000000000e+00 0.000000000000000000e+00 1.061815330235313581e-13 0.000000000000000000e+00 7.216774770875948162e-14
5.001605863702974602e+03 1.080653103985321069e-12 1.038278612358720037e-11 1.273548495096293255e-11 2.870646973707514704e-13 2.018373678935843255e-13 1.082767460343620709e-12 0.000000000000000000e+00 7.621238627753724306e-15 0.000000000000000000e+00 0.000000000000000000e+00 1.517956412140357758e-13 0.000000000000000000e+00 0.000000000000000000e+00 1.545142854130773015e-13 0.000000000000000000e+00 1.069907991645406660e-13
5.567162793016338583e+03 4.301000512587771863e-12 4.543534935800203447e-11 1.498921926417279964e-10 4.250394197505634468e-13 3.767665928060952080e-13 4.366077975688798662e-12 0.000000000000000000e+00 1.231789726783227940e-14 0.000000000000000000e+00 0.000000000000000000e+00 2.567952686251159440e-13 0.000000000000000000e+00 0.000000000000000000e+00 2.570009913231367331e-13 0.000000000000000000e+00 1.910120613430303331e-13
6.196670111266974345e+03 0.000000000000000000e+00 0.000000000000000000e+00 0.000000000000000000e+00 9.690727691927896329e-13 1.094959120021370046e-12 0.000000000000000000e+00 0.000000000000000000e+00 0.000000000000000000e+00 0.000000000000000000e+00 0.000000000000000000e+00 0.000000000000000000e+00 0.000000000000000000e+00 0.000000000000000000e+00 0.000000000000000000e+00 0.000000000000000000e+00 0.000000000000000000e+00
6.897359013111165041e+03 0.000000000000000000e+00 0.000000000000000000e+00 0.000000000000000000e+00 3.982212032195623358e-12 6.137417471186319804e-12 0.000000000000000000e+00 0.000000000000000000e+00 0.000000000000000000e+00 0.000000000000000000e+00 0.000000000000000000e+00 0.000000000000000000e+00 0.000000000000000000e+00 0.000000000000000000e+00 0.000000000000000000e+00 0.000000000000000000e+00 0.000000000000000000e+00
7.677278361042189317e+03 0.000000000000000000e+00 0.000000000000000000e+00 0.000000000000000000e+00 4.595273966832536266e-11 1.095261545976161741e-10 0.000000000000000000e+00 0.000000000000000000e+00 0.000000000000000000e+00 0.000000000000000000e+00 0.000000000000000000e+00 0.000000000000000000e+00 0.000000000000000000e+00 0.000000000000000000e+00 0.000000000000000000e+00 0.000000000000000000e+00 0.000000000000000000e+00
8.545387143236317570e+03 0.000000000000000000e+00 0.000000000000000000e+00 0.000000000000000000e+00 3.459894926493784013e-09 1.495485736225778164e-08 0.000000000000000000e+00 0.000000000000000000e+00 0.000000000000000000e+00 0.000000000000000000e+00 0.000000000000000000e+00 0.000000000000000000e+00 0.000000000000000000e+00 0.000000000000000000e+00 0.000000000000000000e+00 0.000000000000000000e+00 0.000000000000000000e+00
9.511657386079081334e+03 0.000000000000000000e+00 0.000000000000000000e+00 0.000000000000000000e+00 1.720918232419836512e-06 1.492531775075065020e-05 0.000000000000000000e+00 0.000000000000000000e+00 0.000000000000000000e+00 0.000000000000000000e+00 0.000000000000000000e+00 0.000000000000000000e+00 0.000000000000000000e+00 0.000000000000000000e+00 0.000000000000000000e+00 0.000000000000000000e+00 0.000000000000000000e+00
1.058718870352829254e+04 0.000000000000000000e+00 0.000000000000000000e+00 0.000000000000000000e+00 0.000000000000000000e+00 0.000000000000000000e+00 0.000000000000000000e+00 0.000000000000000000e+00 0.000000000000000000e+00 0.000000000000000000e+00 0.000000000000000000e+00 0.000000000000000000e+00 0.000000000000000000e+00 0.000000000000000000e+00 0.000000000000000000e+00 0.000000000000000000e+00 0.000000000000000000e+00
1.178433579916051713e+04 0.000000000000000000e+00 0.000000000000000000e+00 0.000000000000000000e+00 0.000000000000000000e+00 0.000000000000000000e+00 0.000000000000000000e+00 0.000000000000000000e+00 0.000000000000000000e+00 0.000000000000000000e+00 0.000000000000000000e+00 0.000000000000000000e+00 0.000000000000000000e+00 0.000000000000000000e+00 0.000000000000000000e+00 0.000000000000000000e+00 0.000000000000000000e+00
1.311685038551288017e+04 0.000000000000000000e+00 0.000000000000000000e+00 0.000000000000000000e+00 0.000000000000000000e+00 0.000000000000000000e+00 0.000000000000000000e+00 0.000000000000000000e+00 0.000000000000000000e+00 0.000000000000000000e+00 0.000000000000000000e+00 0.000000000000000000e+00 0.000000000000000000e+00 0.000000000000000000e+00 0.000000000000000000e+00 0.000000000000000000e+00 0.000000000000000000e+00
1.460003915097147365e+04 0.000000000000000000e+00 0.000000000000000000e+00 0.000000000000000000e+00 0.000000000000000000e+00 0.000000000000000000e+00 0.000000000000000000e+00 0.000000000000000000e+00 0.000000000000000000e+00 0.000000000000000000e+00 0.000000000000000000e+00 0.000000000000000000e+00 0.000000000000000000e+00 0.000000000000000000e+00 0.000000000000000000e+00 0.000000000000000000e+00 0.000000000000000000e+00
1.625093958876844590e+04 0.000000000000000000e+00 0.000000000000000000e+00 0.000000000000000000e+00 0.000000000000000000e+00 0.000000000000000000e+00 0.000000000000000000e+00 0.000000000000000000e+00 0.000000000000000000e+00 0.000000000000000000e+00 0.000000000000000000e+00 0.000000000000000000e+00 0.000000000000000000e+00 0.000000000000000000e+00 0.000000000000000000e+00 0.000000000000000000e+00 0.000000000000000000e+00
1.808851570786662342e+04 0.000000000000000000e+00 0.000000000000000000e+00 0.000000000000000000e+00 0.000000000000000000e+00 0.000000000000000000e+00 0.000000000000000000e+00 0.000000000000000000e+00 0.000000000000000000e+00 0.000000000000000000e+00 0.000000000000000000e+00 0.000000000000000000e+00 0.000000000000000000e+00 0.000000000000000000e+00 0.000000000000000000e+00 0.000000000000000000e+00 0.000000000000000000e+00
2.013387587385212828e+04 0.000000000000000000e+00 0.000000000000000000e+00 0.000000000000000000e+00 0.000000000000000000e+00 0.000000000000000000e+00 0.000000000000000000e+00 0.000000000000000000e+00 0.000000000000000000e+00 0.000000000000000000e+00 0.000000000000000000e+00 0.000000000000000000e+00 0.000000000000000000e+00 0.000000000000000000e+00 0.000000000000000000e+00 0.000000000000000000e+00 0.000000000000000000e+00
2.241051528221264743e+04 0.000000000000000000e+00 0.000000000000000000e+00 0.000000000000000000e+00 0.000000000000000000e+00 0.000000000000000000e+00 0.000000000000000000e+00 0.000000000000000000e+00 0.000000000000000000e+00 0.000000000000000000e+00 0.000000000000000000e+00 0.000000000000000000e+00 0.000000000000000000e+00 0.000000000000000000e+00 0.000000000000000000e+00 0.000000000000000000e+00 0.000000000000000000e+00
2.494458584929090648e+04 0.000000000000000000e+00 0.000000000000000000e+00 0.000000000000000000e+00 0.000000000000000000e+00 0.000000000000000000e+00 0.000000000000000000e+00 0.000000000000000000e+00 0.000000000000000000e+00 0.000000000000000000e+00 0.000000000000000000e+00 0.000000000000000000e+00 0.000000000000000000e+00 0.000000000000000000e+00 0.000000000000000000e+00 0.000000000000000000e+00 0.000000000000000000e+00
2.776519662118276028e+04 0.000000000000000000e+00 0.000000000000000000e+00 0.000000000000000000e+00 0.000000000000000000e+00 0.000000000000000000e+00 0.000000000000000000e+00 0.000000000000000000e+00 0.000000000000000000e+00 0.000000000000000000e+00 0.000000000000000000e+00 0.000000000000000000e+00 0.000000000000000000e+00 0.000000000000000000e+00 0.000000000000000000e+00 0.000000000000000000e+00 0.000000000000000000e+00
3.090474815138586200e+04 0.000000000000000000e+00 0.000000000000000000e+00 0.000000000000000000e+00 0.000000000000000000e+00 0.000000000000000000e+00 0.000000000000000000e+00 0.000000000000000000e+00 0.000000000000000000e+00 0.000000000000000000e+00 0.000000000000000000e+00 0.000000000000000000e+00 0.000000000000000000e+00 0.000000000000000000e+00 0.000000000000000000e+00 0.000000000000000000e+00 0.000000000000000000e+00
3.439930468822552211e+04 0.000000000000000000e+00 0.000000000000000000e+00 0.000000000000000000e+00 0.000000000000000000e+00 0.000000000000000000e+00 0.000000000000000000e+00 0.000000000000000000e+00 0.000000000000000000e+00 0.000000000000000000e+00 0.000000000000000000e+00 0.000000000000000000e+00 0.000000000000000000e+00 0.000000000000000000e+00 0.000000000000000000e+00 0.000000000000000000e+00 0.000000000000000000e+00
3.828900844740607135e+04 0.000000000000000000e+00 0.000000000000000000e+00 0.000000000000000000e+00 0.000000000000000000e+00 0.000000000000000000e+00 0.000000000000000000e+00 0.000000000000000000e+00 0.000000000000000000e+00 0.000000000000000000e+00 0.000000000000000000e+00 0.000000000000000000e+00 0.000000000000000000e+00 0.000000000000000000e+00 0.000000000000000000e+00 0.000000000000000000e+00 0.000000000000000000e+00
4.261854072845193878e+04 0.000000000000000000e+00 0.000000000000000000e+00 0.000000000000000000e+00 0.000000000000000000e+00 0.000000000000000000e+00 0.000000000000000000e+00 0.000000000000000000e+00 0.000000000000000000e+00 0.000000000000000000e+00 0.000000000000000000e+00 0.000000000000000000e+00 0.000000000000000000e+00 0.000000000000000000e+00 0.000000000000000000e+00 0.000000000000000000e+00 0.000000000000000000e+00
4.743763517192281142e+04 0.000000000000000000e+00 0.000000000000000000e+00 0.000000000000000000e+00 0.000000000000000000e+00 0.000000000000000000e+00 0.000000000000000000e+00 0.000000000000000000e+00 0.000000000000000000e+00 0.000000000000000000e+00 0.000000000000000000e+00 0.000000000000000000e+00 0.000000000000000000e+00 0.000000000000000000e+00 0.000000000000000000e+00 0.000000000000000000e+00 0.000000000000000000e+00
